4.06955 5.41731 2.61555 6.07917 1.66798 0.57760
0.78236 3.17537 5.06785 0.76867 8.98886 8.04659
4.61295 5.85227 4.49110 0.38774 5.24233 7.29900
8.16809 3.25266 7.51323 1.87515 0.77066 2.96704
3.62368 8.14355 0.78830 6.45428 0.92295 2.16330
3.27462 2.28019 5.79404 2.97428 8.27894 7.26103
6.56334 5.33720 2.94862 4.91416 4.17328 8.30566
4.33346 8.69107 3.26302 8.52232 3.91038 7.05598
8.04129 4.27148 7.86175 7.86805 2.51816 2.35272
1.29035 1.91022 0.33854 0.36598 7.88570 0.80284
5.97556 8.50959 6.08916 3.77226 7.98223 1.04252
8.64877 2.43298 8.90651 7.88326 3.55577 4.45483
3.33575 0.11729 7.67389 0.91845 8.48027 8.82229
4.55956 4.28724 5.61418 3.31556 7.01927 4.79428
3.06143 0.18944 6.11412 5.48835 5.98971 3.17088
5.51363 6.93083 0.06306 6.07951 7.40300 3.94905
6.38650 5.83904 1.15502 3.17603 6.81483 0.94106
2.82848 0.25527 0.41475 8.78760 7.08653 0.17446
2.36235 0.63185 7.95735 3.93806 5.62380 2.32724
6.75381 6.57448 8.66898 3.45457 2.12793 3.13951
0.08918 0.44929 7.50599 5.69512 3.14410 4.53379
7.42676 6.19336 6.40856 2.85487 2.74008 0.32607
7.20163 2.70600 6.76330 2.81074 0.45609 8.19145
6.06726 1.70971 3.48751 7.67042 8.15823 4.67898
6.11577 6.73454 3.73016 7.29258 4.79957 5.79387
5.89389 5.31332 6.65411 4.09120 2.31564 5.13345
8.41349 1.41868 4.47961 4.92679 3.54636 0.24522
2.37617 6.72564 0.46313 2.23238 7.79810 3.80811
4.05259 2.92694 4.07453 3.80998 5.15179 2.54697
8.10596 8.45638 0.64631 7.05468 2.60019 0.01697
3.88434 7.08197 7.11107 6.91600 0.29448 7.82067
7.15569 7.58100 8.89108 3.54405 4.35024 2.37573
1.70762 3.08199 6.46431 4.71086 6.54192 3.38954
2.91573 0.30878 7.08454 7.98669 0.41170 8.32499
3.87103 7.29398 4.50596 5.88042 0.38028 7.71282
7.00282 6.60614 8.22982 8.88788 4.05947 8.64923